i<-c(2,3)
i
