i<-c(1,2)